-0.999762 0.000000 -0.021799 0.108900
0.000000 1.000000 -0.000000 1.300000
0.021799 -0.000000 -0.999762 0.100000

-0.999770 -0.000583 -0.021415 0.108966
-0.000530 0.999997 -0.002473 1.302677
0.021417 -0.002461 -0.999767 0.100909

-0.999780 -0.000249 -0.020959 0.108806
-0.000289 0.999998 0.001915 1.301957
0.020958 0.001921 -0.999778 0.100822

-0.999753 -0.000762 -0.022200 0.108998
-0.000823 0.999996 0.002772 1.301558
0.022198 0.002790 -0.999749 0.100648

-0.999732 -0.001589 -0.023079 0.108864
-0.001646 0.999996 0.002489 1.302657
0.023075 0.002526 -0.999730 0.100981

-0.999720 -0.002161 -0.023568 0.108976
-0.002274 0.999986 0.004801 1.302856
0.023557 0.004853 -0.999710 0.101059

-0.999713 -0.001516 -0.023875 0.109126
-0.001691 0.999972 0.007292 1.301528
0.023863 0.007331 -0.999688 0.100615

-0.999724 -0.001374 -0.023430 0.108918
-0.001506 0.999983 0.005625 1.301528
0.023422 0.005659 -0.999709 0.100560

-0.999724 -0.001696 -0.023406 0.108872
-0.001806 0.999987 0.004676 1.302268
0.023398 0.004717 -0.999715 0.100731

-0.999722 -0.001517 -0.023518 0.108994
-0.001663 0.999980 0.006183 1.301658
0.023508 0.006221 -0.999704 0.100538

-0.999720 -0.001261 -0.023619 0.108993
-0.001394 0.999983 0.005618 1.300809
0.023611 0.005650 -0.999705 0.100258

-0.999714 -0.000913 -0.023899 0.109012
-0.000995 0.999994 0.003431 1.300360
0.023896 0.003454 -0.999708 0.099928

-0.999722 -0.000069 -0.023551 0.108833
-0.000101 0.999999 0.001334 1.300311
0.023551 0.001336 -0.999721 0.099841

-0.999737 0.000856 -0.022922 0.108847
0.000857 1.000000 -0.000052 1.300221
0.022922 -0.000071 -0.999737 0.099771

-0.999753 0.001278 -0.022177 0.108530
0.001311 0.999998 -0.001454 1.300271
0.022175 -0.001482 -0.999753 0.099838

-0.999756 0.001586 -0.022012 0.108649
0.001629 0.999997 -0.001918 1.300411
0.022009 -0.001953 -0.999755 0.099805

-0.999770 0.001218 -0.021404 0.108669
0.001273 0.999996 -0.002588 1.301090
0.021400 -0.002614 -0.999767 0.100055

-0.999775 0.000012 -0.021184 0.108747
0.000043 0.999999 -0.001464 1.301010
0.021184 -0.001465 -0.999774 0.100103

-0.999771 -0.001514 -0.021320 0.108912
-0.001497 0.999999 -0.000839 1.301280
0.021321 -0.000807 -0.999772 0.100210

-0.999758 -0.003118 -0.021774 0.109016
-0.003133 0.999995 0.000629 1.301369
0.021772 0.000697 -0.999762 0.100348

-0.999749 -0.004053 -0.022022 0.108910
-0.004093 0.999990 0.001774 1.301210
0.022014 0.001864 -0.999756 0.100250

-0.999743 -0.004895 -0.022099 0.109220
-0.004945 0.999985 0.002230 1.301369
0.022088 0.002338 -0.999753 0.100313

-0.999749 -0.005219 -0.021751 0.109202
-0.005291 0.999981 0.003274 1.301230
0.021734 0.003388 -0.999758 0.100303

-0.999752 -0.005395 -0.021579 0.109495
-0.005471 0.999979 0.003502 1.301190
0.021560 0.003619 -0.999761 0.100297

-0.999772 -0.005578 -0.020610 0.109335
-0.005653 0.999978 0.003569 1.300940
0.020590 0.003685 -0.999781 0.100261

-0.999769 -0.005920 -0.020641 0.109577
-0.005982 0.999978 0.002944 1.301000
0.020623 0.003066 -0.999782 0.100275

-0.999764 -0.006573 -0.020689 0.109688
-0.006628 0.999975 0.002574 1.301110
0.020671 0.002710 -0.999782 0.100243

-0.999752 -0.006999 -0.021135 0.110058
-0.007067 0.999970 0.003151 1.300821
0.021112 0.003299 -0.999771 0.100125

-0.999751 -0.007550 -0.020971 0.109832
-0.007617 0.999966 0.003118 1.300431
0.020947 0.003277 -0.999775 0.100160

-0.999741 -0.008204 -0.021219 0.110022
-0.008252 0.999964 0.002190 1.300691
0.021200 0.002365 -0.999772 0.100176

-0.999733 -0.008538 -0.021466 0.110269
-0.008583 0.999961 0.001971 1.301091
0.021448 0.002155 -0.999767 0.100210

-0.999727 -0.009397 -0.021380 0.110519
-0.009481 0.999948 0.003830 1.300931
0.021343 0.004032 -0.999764 0.100045

-0.999717 -0.010146 -0.021478 0.110960
-0.010219 0.999942 0.003283 1.301262
0.021444 0.003502 -0.999764 0.099965

-0.999700 -0.010733 -0.021979 0.111289
-0.010808 0.999936 0.003330 1.302111
0.021942 0.003566 -0.999753 0.100198

-0.999671 -0.011144 -0.023095 0.111659
-0.011257 0.999925 0.004765 1.302271
0.023040 0.005024 -0.999722 0.100210

-0.999624 -0.011286 -0.024991 0.111785
-0.011433 0.999918 0.005770 1.301792
0.024924 0.006053 -0.999671 0.099967

-0.999572 -0.011247 -0.026997 0.111953
-0.011391 0.999922 0.005183 1.302362
0.026937 0.005489 -0.999622 0.099933

-0.999506 -0.010715 -0.029521 0.112549
-0.010885 0.999925 0.005604 1.303892
0.029458 0.005923 -0.999548 0.100261

-0.999474 -0.008942 -0.031170 0.112816
-0.009253 0.999909 0.009851 1.303453
0.031079 0.010134 -0.999465 0.099835

-0.999470 -0.006752 -0.031822 0.113167
-0.007138 0.999902 0.012032 1.302236
0.031738 0.012253 -0.999421 0.099107

-0.999456 -0.005088 -0.032572 0.113731
-0.005430 0.999931 0.010417 1.302527
0.032516 0.010588 -0.999415 0.098744

-0.999442 -0.003996 -0.033164 0.113928
-0.004336 0.999939 0.010193 1.302659
0.033122 0.010331 -0.999398 0.098200

-0.999414 -0.003401 -0.034062 0.114368
-0.003743 0.999943 0.009990 1.302281
0.034026 0.010112 -0.999369 0.097540

-0.999352 -0.004315 -0.035713 0.114648
-0.004606 0.999957 0.008078 1.302783
0.035677 0.008237 -0.999329 0.096984

-0.999280 -0.006504 -0.037366 0.114912
-0.006779 0.999951 0.007242 1.303905
0.037317 0.007491 -0.999275 0.096438

-0.999181 -0.009003 -0.039431 0.114946
-0.009368 0.999915 0.009070 1.304298
0.039346 0.009432 -0.999181 0.095537

-0.999069 -0.011880 -0.041475 0.115258
-0.012338 0.999865 0.010810 1.304353
0.041341 0.011311 -0.999081 0.094080

-0.998992 -0.015543 -0.042093 0.115172
-0.016029 0.999808 0.011234 1.305796
0.041910 0.011897 -0.999050 0.093052

-0.998900 -0.019337 -0.042707 0.115099
-0.019985 0.999691 0.014809 1.306351
0.042408 0.015647 -0.998977 0.091543

-0.998802 -0.022595 -0.043389 0.115004
-0.023400 0.999562 0.018139 1.306157
0.042961 0.019133 -0.998893 0.089634

-0.998745 -0.025719 -0.042962 0.114395
-0.026567 0.999461 0.019282 1.306293
0.042443 0.020399 -0.998890 0.087727

-0.998712 -0.028126 -0.042228 0.113964
-0.028981 0.999384 0.019785 1.307538
0.041646 0.020983 -0.998912 0.086096

-0.998664 -0.030595 -0.041632 0.112951
-0.031552 0.999248 0.022540 1.308263
0.040911 0.023824 -0.998878 0.084338

-0.998637 -0.032074 -0.041173 0.112541
-0.033150 0.999120 0.025711 1.308011
0.040312 0.027041 -0.998821 0.081836

-0.998700 -0.033153 -0.038701 0.111970
-0.034208 0.999052 0.026935 1.307778
0.037771 0.028224 -0.998887 0.079328

-0.998782 -0.035019 -0.034738 0.110796
-0.035961 0.998992 0.026862 1.307875
0.033762 0.028079 -0.999035 0.076953

-0.998787 -0.037510 -0.031893 0.110065
-0.038374 0.998901 0.026916 1.306854
0.030849 0.028107 -0.999128 0.074108

-0.998769 -0.040662 -0.028392 0.108713
-0.041327 0.998875 0.023263 1.307141
0.027414 0.024408 -0.999326 0.071487

-0.998636 -0.045641 -0.025358 0.107734
-0.046159 0.998729 0.020227 1.308458
0.024402 0.021370 -0.999473 0.069108

-0.998473 -0.050500 -0.022391 0.106391
-0.050956 0.998496 0.020252 1.308477
0.021334 0.021362 -0.999544 0.066207

-0.998278 -0.055490 -0.019000 0.105035
-0.055860 0.998248 0.019503 1.308565
0.017884 0.020531 -0.999629 0.063326

-0.998090 -0.060025 -0.014581 0.103564
-0.060291 0.998008 0.018590 1.309213
0.013436 0.019434 -0.999720 0.060667

-0.997896 -0.064129 -0.009544 0.101901
-0.064300 0.997752 0.018875 1.308892
0.008312 0.019449 -0.999776 0.057552

-0.997571 -0.069530 -0.004189 0.100633
-0.069596 0.997405 0.018436 1.309270
0.002896 0.018683 -0.999821 0.054729

-0.997108 -0.075982 0.001135 0.098792
-0.075946 0.996925 0.019291 1.310257
-0.002598 0.019149 -0.999813 0.052229

-0.996600 -0.082124 0.006545 0.096606
-0.081960 0.996386 0.022300 1.308806
-0.008353 0.021688 -0.999730 0.048966

-0.995919 -0.089593 0.010886 0.096210
-0.089377 0.995819 0.018890 1.308595
-0.012533 0.017840 -0.999762 0.046114

-0.995287 -0.095442 0.017135 0.094323
-0.095178 0.995338 0.015600 1.309462
-0.018544 0.013895 -0.999731 0.043494

-0.994689 -0.100324 0.022963 0.092766
-0.099990 0.994871 0.015267 1.310199
-0.024376 0.012890 -0.999619 0.041058

-0.994196 -0.103544 0.029181 0.091444
-0.103090 0.994532 0.016682 1.309488
-0.030748 0.013577 -0.999435 0.038046

-0.993734 -0.105866 0.035844 0.089897
-0.105355 0.994308 0.015856 1.309775
-0.037319 0.011980 -0.999231 0.035409

-0.993259 -0.108158 0.041683 0.088513
-0.107541 0.994059 0.016797 1.310302
-0.043252 0.012201 -0.998989 0.032979

-0.992612 -0.111193 0.048542 0.086970
-0.110391 0.993708 0.018921 1.309451
-0.050340 0.013423 -0.998642 0.030111

-0.991760 -0.115251 0.055926 0.085553
-0.114440 0.993276 0.017506 1.309118
-0.057567 0.010961 -0.998281 0.027442

-0.990598 -0.120945 0.063939 0.084013
-0.120211 0.992632 0.015211 1.310354
-0.065307 0.007382 -0.997838 0.025295

-0.989391 -0.126689 0.071093 0.082867
-0.125801 0.991912 0.016843 1.311500
-0.072652 0.007721 -0.997327 0.023219

-0.987938 -0.133502 0.078454 0.081290
-0.132266 0.990997 0.020766 1.310818
-0.080520 0.010138 -0.996701 0.020423

-0.986554 -0.139999 0.084327 0.080403
-0.138687 0.990108 0.021241 1.310616
-0.086466 0.009260 -0.996211 0.017712

-0.985077 -0.145695 0.091628 0.079272
-0.144401 0.989304 0.020636 1.311693
-0.093655 0.007096 -0.995579 0.015506

-0.983273 -0.151771 0.100688 0.077890
-0.150172 0.988385 0.023323 1.311940
-0.103059 0.007813 -0.994644 0.013015

-0.981381 -0.158285 0.108795 0.077303
-0.156406 0.987360 0.025646 1.312187
-0.111480 0.008153 -0.993733 0.010518

-0.979216 -0.165056 0.117863 0.076150
-0.162881 0.986250 0.027928 1.313114
-0.120852 0.008150 -0.992637 0.008142

-0.977250 -0.170816 0.125716 0.075335
-0.167975 0.985241 0.032946 1.313322
-0.129488 0.011079 -0.991519 0.005609

-0.975262 -0.175925 0.133844 0.074681
-0.172392 0.984309 0.037636 1.312940
-0.138365 0.013631 -0.990287 0.002853

-0.973090 -0.180767 0.142893 0.073814
-0.176824 0.983432 0.039930 1.313098
-0.147743 0.013588 -0.988932 0.000291

-0.970764 -0.185800 0.151969 0.072881
-0.181517 0.982503 0.041710 1.313056
-0.157059 0.012906 -0.987504 -0.002539

-0.968367 -0.191116 0.160437 0.072034
-0.186653 0.981502 0.042584 1.313405
-0.165608 0.011291 -0.986127 -0.005281

-0.966060 -0.196464 0.167719 0.071150
-0.191736 0.980455 0.044099 1.313383
-0.173104 0.010444 -0.984848 -0.008173

-0.963618 -0.202409 0.174557 0.070616
-0.197622 0.979265 0.044571 1.313372
-0.179959 0.008453 -0.983637 -0.011132

-0.960829 -0.208693 0.182356 0.069317
-0.204055 0.977968 0.044050 1.313951
-0.187532 0.005114 -0.982245 -0.014114

-0.958385 -0.214302 0.188604 0.068701
-0.209461 0.976759 0.045479 1.314201
-0.193967 0.004081 -0.980999 -0.017272

-0.956227 -0.217767 0.195464 0.068177
-0.212667 0.975995 0.046972 1.314720
-0.201001 0.003347 -0.979585 -0.020201

-0.954037 -0.220361 0.203108 0.067301
-0.214615 0.975409 0.050177 1.314530
-0.209171 0.004280 -0.977869 -0.023372

-0.951517 -0.223258 0.211590 0.066384
-0.217052 0.974751 0.052423 1.314749
-0.217951 0.003955 -0.975951 -0.026423

-0.948368 -0.227382 0.221122 0.065385
-0.220346 0.973794 0.056323 1.314609
-0.228134 0.004691 -0.973618 -0.029652

-0.944534 -0.233753 0.230681 0.064746
-0.225967 0.972285 0.060003 1.313170
-0.238314 0.004548 -0.971177 -0.033279

-0.940846 -0.239788 0.239394 0.064043
-0.232429 0.970825 0.058952 1.313309
-0.246546 -0.000178 -0.969131 -0.036415

-0.936966 -0.246199 0.247951 0.062916
-0.238833 0.969214 0.059856 1.313309
-0.255054 -0.003136 -0.966921 -0.039621

-0.933073 -0.252445 0.256213 0.062635
-0.244884 0.967597 0.061552 1.311700
-0.263450 -0.005310 -0.964658 -0.043245

-0.929373 -0.256661 0.265312 0.062002
-0.250164 0.966428 0.058606 1.311151
-0.271447 -0.011905 -0.962379 -0.046612

-0.925927 -0.259800 0.274159 0.061243
-0.254440 0.965489 0.055593 1.311469
-0.279140 -0.018282 -0.960076 -0.049557

-0.922175 -0.263087 0.283509 0.060842
-0.258416 0.964497 0.054466 1.310270
-0.287773 -0.023036 -0.957421 -0.052949

-0.918124 -0.265564 0.294149 0.059910
-0.262580 0.963595 0.050367 1.310240
-0.296816 -0.030995 -0.954431 -0.056069

-0.914504 -0.268329 0.302788 0.059395
-0.266657 0.962611 0.047681 1.310118
-0.304261 -0.037136 -0.951864 -0.058788

-0.911178 -0.270435 0.310836 0.059208
-0.270114 0.961778 0.044963 1.309397
-0.311115 -0.042992 -0.949399 -0.061625

-0.907895 -0.271593 0.319317 0.058538
-0.272943 0.961137 0.041447 1.310055
-0.318164 -0.049525 -0.946741 -0.064061

-0.904339 -0.273895 0.327339 0.058351
-0.275877 0.960303 0.041352 1.309143
-0.325671 -0.052909 -0.944001 -0.066828

-0.900556 -0.275540 0.336267 0.058087
-0.278784 0.959535 0.039638 1.308272
-0.333582 -0.058050 -0.940932 -0.069513

-0.896814 -0.274544 0.346914 0.057645
-0.279831 0.959380 0.035845 1.307939
-0.342663 -0.064931 -0.937211 -0.072064

-0.892545 -0.272642 0.359206 0.057078
-0.279905 0.959469 0.032750 1.307727
-0.353576 -0.071313 -0.932683 -0.074582

-0.888068 -0.270764 0.371512 0.056551
-0.279900 0.959552 0.030261 1.307514
-0.364679 -0.077112 -0.927935 -0.076981

-0.883403 -0.269828 0.383133 0.056830
-0.280648 0.959386 0.028565 1.306803
-0.375280 -0.082291 -0.923251 -0.079417

-0.878436 -0.268438 0.395336 0.056408
-0.281568 0.959198 0.025663 1.306980
-0.386095 -0.088770 -0.918177 -0.081839

-0.873248 -0.268018 0.406945 0.055965
-0.282990 0.958817 0.024229 1.307047
-0.396679 -0.094003 -0.913131 -0.084180

-0.868033 -0.268750 0.417483 0.056054
-0.285242 0.958162 0.023728 1.306376
-0.406393 -0.098488 -0.908374 -0.086772

-0.863037 -0.268046 0.428157 0.055778
-0.286484 0.957828 0.022179 1.306664
-0.416045 -0.103519 -0.903432 -0.089207

-0.857001 -0.267438 0.440483 0.055662
-0.287395 0.957554 0.022223 1.306492
-0.427729 -0.107547 -0.897486 -0.091895

-0.850404 -0.265645 0.454143 0.055087
-0.287870 0.957439 0.020992 1.306371
-0.440391 -0.112882 -0.890681 -0.094853

-0.844180 -0.265050 0.465948 0.054902
-0.289597 0.956947 0.019674 1.306650
-0.451102 -0.118328 -0.884593 -0.097620

-0.837221 -0.265666 0.477998 0.054604
-0.291864 0.956245 0.020265 1.306500
-0.462467 -0.122545 -0.878126 -0.100654

-0.829450 -0.266848 0.490718 0.054495
-0.295481 0.955140 0.019951 1.306459
-0.474028 -0.128450 -0.871090 -0.103732

-0.822133 -0.267075 0.502760 0.054331
-0.297710 0.954443 0.020189 1.306319
-0.485247 -0.133078 -0.864190 -0.106880

-0.815178 -0.266587 0.514213 0.054213
-0.299204 0.953974 0.020250 1.306019
-0.495944 -0.137348 -0.857423 -0.109958

-0.807582 -0.265767 0.526477 0.053841
-0.300716 0.953503 0.020052 1.305709
-0.507326 -0.142126 -0.849953 -0.113260

-0.799739 -0.265614 0.538392 0.053499
-0.303278 0.952702 0.019517 1.305779
-0.518111 -0.147674 -0.842468 -0.116404

-0.791893 -0.266857 0.549265 0.052929
-0.306387 0.951683 0.020643 1.305699
-0.528235 -0.151940 -0.835393 -0.119662

-0.783703 -0.268729 0.559994 0.052384
-0.310214 0.950413 0.021943 1.305199
-0.538123 -0.156521 -0.828206 -0.122851

-0.776074 -0.268405 0.570672 0.051774
-0.312662 0.949622 0.021439 1.305189
-0.547677 -0.161789 -0.820898 -0.125948

-0.768702 -0.269165 0.580213 0.051097
-0.314813 0.948872 0.023106 1.305927
-0.556768 -0.164897 -0.814136 -0.128574

-0.760844 -0.270805 0.589729 0.050429
-0.316086 0.948327 0.027673 1.305705
-0.566750 -0.165350 -0.807126 -0.131360

-0.752741 -0.270834 0.600025 0.050034
-0.316341 0.948135 0.031106 1.305184
-0.577329 -0.166398 -0.799376 -0.134302

-0.744001 -0.271622 0.610477 0.049291
-0.318420 0.947360 0.033448 1.305762
-0.587427 -0.169502 -0.791327 -0.136837

-0.734341 -0.274400 0.620844 0.048617
-0.321499 0.946151 0.037907 1.305101
-0.597814 -0.171764 -0.783016 -0.139883

-0.725045 -0.274976 0.631425 0.048052
-0.324517 0.945078 0.038935 1.305438
-0.607452 -0.176679 -0.774459 -0.142161

-0.714733 -0.275967 0.642650 0.047275
-0.327124 0.944066 0.041584 1.306185
-0.618180 -0.180504 -0.765030 -0.144405

-0.704106 -0.277104 0.653795 0.046446
-0.328314 0.943434 0.046286 1.306432
-0.629638 -0.182060 -0.755254 -0.146897

-0.694735 -0.276885 0.663836 0.045926
-0.327790 0.943403 0.050446 1.306320
-0.640232 -0.182552 -0.746175 -0.149206

-0.684795 -0.274159 0.675198 0.045492
-0.326037 0.943893 0.052589 1.306497
-0.651732 -0.184127 -0.735759 -0.151477

-0.673410 -0.271170 0.687739 0.045158
-0.324574 0.944288 0.054514 1.306954
-0.664206 -0.186512 -0.723908 -0.153741

-0.650919 -0.268423 0.710108 0.045023
-0.320457 0.945131 0.063516 1.307427
-0.688194 -0.186215 -0.701222 -0.157859

-0.639379 -0.264755 0.721871 0.045079
-0.317142 0.946073 0.066082 1.307924
-0.700438 -0.186684 -0.688864 -0.159890

-0.627759 -0.261860 0.733040 0.045199
-0.313365 0.947053 0.069951 1.308370
-0.712545 -0.185797 -0.676579 -0.161783

-0.616575 -0.259433 0.743323 0.045621
-0.309744 0.947942 0.073921 1.308296
-0.723805 -0.184662 -0.664835 -0.163783

-0.605785 -0.256859 0.753026 0.046197
-0.307256 0.948557 0.076377 1.308292
-0.733906 -0.185104 -0.653543 -0.165586

-0.594296 -0.252589 0.763551 0.046770
-0.304868 0.949297 0.076747 1.308099
-0.744222 -0.187172 -0.641170 -0.167519

-0.582414 -0.248327 0.774033 0.047432
-0.304042 0.949631 0.075889 1.309044
-0.753891 -0.191140 -0.628580 -0.169054

-0.570789 -0.247165 0.783012 0.048262
-0.303531 0.949584 0.078481 1.309759
-0.762934 -0.192873 -0.617034 -0.170482

-0.558540 -0.246381 0.792041 0.049161
-0.302408 0.949632 0.082147 1.309856
-0.772387 -0.193637 -0.604915 -0.172282

-0.546202 -0.245153 0.800976 0.050038
-0.301426 0.949683 0.085119 1.310133
-0.781540 -0.194943 -0.592614 -0.174302

-0.534681 -0.243902 0.809090 0.051126
-0.300529 0.949732 0.087697 1.310319
-0.789809 -0.196265 -0.581104 -0.176096

-0.523172 -0.241454 0.817306 0.052178
-0.298906 0.950091 0.089347 1.310546
-0.798088 -0.197555 -0.569233 -0.178019

-0.510482 -0.238358 0.826192 0.053222
-0.297804 0.950359 0.090175 1.310834
-0.806672 -0.200010 -0.556125 -0.180303

-0.498411 -0.235471 0.834349 0.054421
-0.297116 0.950517 0.090769 1.311281
-0.814437 -0.202658 -0.543711 -0.182309

-0.487234 -0.233409 0.841500 0.055796
-0.296504 0.950591 0.091990 1.311488
-0.821394 -0.204688 -0.532367 -0.184360

-0.468183 -0.229539 0.853297 0.058563
-0.293554 0.951229 0.094817 1.312443
-0.833445 -0.206097 -0.512731 -0.188611

-0.456901 -0.228243 0.859736 0.059900
-0.291193 0.951643 0.097890 1.312562
-0.840504 -0.205623 -0.501269 -0.190941

-0.445241 -0.226298 0.866342 0.061318
-0.289715 0.951901 0.099753 1.313029
-0.847245 -0.206578 -0.489387 -0.192992

-0.432722 -0.226590 0.872587 0.062919
-0.289407 0.951585 0.103584 1.313277
-0.853811 -0.207710 -0.477349 -0.195028

-0.420428 -0.226326 0.878644 0.064425
-0.288969 0.951364 0.106787 1.313225
-0.860079 -0.209005 -0.465382 -0.197211

-0.407756 -0.225855 0.884717 0.066051
-0.290185 0.950746 0.108969 1.313312
-0.865752 -0.212299 -0.453212 -0.199177

-0.395642 -0.227247 0.889846 0.067788
-0.292027 0.949746 0.112704 1.313579
-0.870739 -0.215269 -0.442122 -0.201045

-0.383962 -0.228603 0.894602 0.069299
-0.291996 0.949207 0.117232 1.313616
-0.875963 -0.216208 -0.431211 -0.202809

-0.370833 -0.227979 0.900282 0.070788
-0.291245 0.949047 0.120362 1.313642
-0.881850 -0.217569 -0.418335 -0.204771

-0.356931 -0.228095 0.905854 0.072331
-0.291055 0.948613 0.124178 1.313880
-0.887629 -0.219331 -0.404978 -0.206776

-0.344089 -0.228331 0.910751 0.073736
-0.289425 0.948542 0.128458 1.313997
-0.893216 -0.219393 -0.392468 -0.208607

-0.331462 -0.226362 0.915911 0.075203
-0.286474 0.949105 0.130892 1.313674
-0.898924 -0.218999 -0.379438 -0.210839

-0.319467 -0.223984 0.920745 0.076633
-0.285474 0.949270 0.131874 1.314280
-0.903573 -0.220719 -0.367202 -0.212341

-0.307557 -0.224662 0.924627 0.078059
-0.284319 0.949032 0.136020 1.314496
-0.908059 -0.221055 -0.355757 -0.213842

-0.295740 -0.222771 0.928930 0.079147
-0.282221 0.949397 0.137830 1.314682
-0.912627 -0.221401 -0.343645 -0.215606

-0.283322 -0.220205 0.933401 0.080147
-0.280542 0.949738 0.138904 1.315458
-0.917073 -0.222504 -0.330859 -0.217078

-0.271072 -0.220303 0.937009 0.081293
-0.277897 0.949916 0.142944 1.316032
-0.921571 -0.221644 -0.318717 -0.218184

-0.259609 -0.220560 0.940189 0.082235
-0.273546 0.950491 0.147444 1.316536
-0.926161 -0.218907 -0.307090 -0.219154

-0.247611 -0.218612 0.943873 0.083044
-0.267793 0.951701 0.150173 1.317050
-0.931115 -0.215578 -0.294195 -0.220222

-0.234398 -0.216186 0.947798 0.083883
-0.261734 0.952993 0.152642 1.317644
-0.936244 -0.212291 -0.279963 -0.221341

-0.222020 -0.214609 0.951131 0.084713
-0.255677 0.954157 0.155609 1.318126
-0.940923 -0.208634 -0.266712 -0.221969

-0.208404 -0.211971 0.954796 0.085300
-0.249060 0.955550 0.157776 1.318749
-0.945799 -0.204920 -0.251934 -0.222832

-0.193805 -0.210367 0.958219 0.085867
-0.243267 0.956539 0.160796 1.319332
-0.950400 -0.201940 -0.236557 -0.223545

-0.179161 -0.208452 0.961482 0.086336
-0.237665 0.957521 0.163307 1.319715
-0.954681 -0.199253 -0.221092 -0.224315

-0.164342 -0.205214 0.964820 0.086748
-0.231528 0.958819 0.164500 1.320217
-0.958846 -0.196348 -0.205087 -0.225154

-0.149853 -0.202934 0.967657 0.087274
-0.225135 0.960002 0.166464 1.320569
-0.962734 -0.192908 -0.189547 -0.225596

-0.135145 -0.200669 0.970292 0.087745
-0.218758 0.961154 0.168310 1.320801
-0.966375 -0.189513 -0.173793 -0.226066

-0.119725 -0.197258 0.973013 0.088140
-0.213004 0.962344 0.168886 1.321112
-0.969688 -0.187036 -0.157234 -0.226225

-0.085801 -0.191223 0.977789 0.088864
-0.202101 0.964346 0.170860 1.321654
-0.975599 -0.182952 -0.121388 -0.226761

-0.067647 -0.186090 0.980201 0.089158
-0.198222 0.965373 0.169595 1.321905
-0.977820 -0.182824 -0.102192 -0.226967

-0.049713 -0.182804 0.981891 0.089664
-0.194867 0.965989 0.169977 1.322228
-0.979569 -0.182889 -0.083645 -0.227938

-0.031785 -0.182126 0.982761 0.089978
-0.192390 0.965986 0.172795 1.322382
-0.980803 -0.183581 -0.065743 -0.229226

-0.014234 -0.181337 0.983318 0.090175
-0.189705 0.966046 0.175406 1.322627
-0.981738 -0.184044 -0.048152 -0.230550

0.003400 -0.183056 0.983096 0.090328
-0.187549 0.965540 0.180436 1.322891
-0.982249 -0.184992 -0.031049 -0.231904

0.021353 -0.185418 0.982427 0.090301
-0.186558 0.964653 0.186119 1.322756
-0.982212 -0.187253 -0.013993 -0.233434

0.039564 -0.182650 0.982381 0.089989
-0.187439 0.964342 0.186844 1.322880
-0.981479 -0.191529 0.003917 -0.234807

0.057584 -0.178665 0.982223 0.089866
-0.187810 0.964351 0.186425 1.323146
-0.980516 -0.195206 0.021976 -0.236565

0.074300 -0.178038 0.981214 0.089822
-0.186892 0.964015 0.189069 1.323241
-0.979566 -0.197429 0.038353 -0.238104

0.090130 -0.177838 0.979923 0.089649
-0.185353 0.963742 0.191949 1.323285
-0.978530 -0.198933 0.053899 -0.239481

0.105688 -0.176191 0.978665 0.089407
-0.183259 0.963869 0.193318 1.323429
-0.977367 -0.199780 0.069580 -0.240646

0.120311 -0.174697 0.977244 0.089229
-0.180642 0.964108 0.194588 1.323652
-0.976162 -0.199943 0.084435 -0.241642

0.134395 -0.173621 0.975599 0.089002
-0.177302 0.964430 0.196057 1.323975
-0.974937 -0.199325 0.098831 -0.242568

0.149293 -0.173121 0.973519 0.088756
-0.174151 0.964559 0.198235 1.324098
-0.973336 -0.199134 0.113853 -0.243572

0.162914 -0.171238 0.971667 0.088476
-0.171228 0.964973 0.198767 1.324299
-0.971668 -0.198759 0.127887 -0.244006

0.176011 -0.169180 0.969741 0.088240
-0.167541 0.965599 0.198866 1.324621
-0.970025 -0.197475 0.141611 -0.244831

0.189031 -0.168936 0.967330 0.088099
-0.163132 0.966000 0.200582 1.324774
-0.968326 -0.195718 0.155045 -0.245649

0.202016 -0.167861 0.964889 0.087818
-0.159129 0.966485 0.201455 1.324895
-0.966368 -0.194239 0.168534 -0.246043

0.214553 -0.165955 0.962510 0.087709
-0.155628 0.967060 0.201431 1.324856
-0.964234 -0.193011 0.181658 -0.246420

0.227106 -0.163531 0.960042 0.087580
-0.151919 0.967784 0.200787 1.324838
-0.961947 -0.191449 0.194946 -0.246988

0.239020 -0.160791 0.957609 0.087500
-0.148399 0.968561 0.199671 1.324760
-0.959607 -0.189833 0.207644 -0.247566

0.250623 -0.158573 0.955009 0.087500
-0.144407 0.969333 0.198848 1.324491
-0.957254 -0.187745 0.220038 -0.247736

0.262659 -0.154478 0.952442 0.087396
-0.140112 0.970532 0.196051 1.324382
-0.954661 -0.184943 0.233274 -0.248084

0.273849 -0.149869 0.950024 0.087402
-0.136179 0.971791 0.192557 1.324342
-0.952082 -0.182105 0.245715 -0.248214

0.284425 -0.146973 0.947365 0.087433
-0.131044 0.972944 0.190284 1.324442
-0.949699 -0.178268 0.257470 -0.248185

0.295236 -0.146243 0.944165 0.087546
-0.126093 0.973608 0.190232 1.324352
-0.947067 -0.175216 0.269004 -0.248367

0.305540 -0.145777 0.940954 0.087553
-0.121771 0.974114 0.190455 1.324222
-0.944360 -0.172773 0.279879 -0.248237

0.315272 -0.144970 0.937863 0.087584
-0.117163 0.974757 0.190059 1.323960
-0.941741 -0.169803 0.290329 -0.247738

0.325242 -0.143272 0.934714 0.087562
-0.112280 0.975612 0.188609 1.323959
-0.938941 -0.166293 0.301224 -0.247447

0.334314 -0.142181 0.931675 0.087556
-0.108205 0.976227 0.187807 1.323888
-0.936229 -0.163599 0.310982 -0.246927

0.342830 -0.141369 0.928699 0.087659
-0.104597 0.976720 0.187291 1.323506
-0.933556 -0.161348 0.320062 -0.246519

0.351126 -0.139065 0.925943 0.087752
-0.101136 0.977491 0.185158 1.323215
-0.930850 -0.158660 0.329158 -0.246001

0.359980 -0.136545 0.922913 0.087910
-0.097487 0.978311 0.182766 1.322873
-0.927852 -0.155764 0.338861 -0.245554

0.368952 -0.133928 0.919748 0.088022
-0.093555 0.979187 0.180112 1.322502
-0.924728 -0.152500 0.348743 -0.245047

0.377588 -0.130986 0.916662 0.088145
-0.090152 0.980041 0.177177 1.322101
-0.921574 -0.149539 0.358243 -0.244639

0.386468 -0.127369 0.913465 0.088258
-0.087685 0.980858 0.173863 1.321719
-0.918125 -0.147290 0.367902 -0.244062

0.394732 -0.122820 0.910550 0.088346
-0.085940 0.981745 0.169679 1.321528
-0.914768 -0.145230 0.376971 -0.243673

0.402469 -0.118005 0.907795 0.088532
-0.085419 0.982489 0.165585 1.321126
-0.911439 -0.144186 0.385342 -0.243117

0.409151 -0.113135 0.905425 0.088855
-0.084566 0.983311 0.161082 1.320574
-0.908539 -0.142475 0.392756 -0.242424

0.415630 -0.109005 0.902978 0.089151
-0.082002 0.984258 0.156561 1.320342
-0.905829 -0.139118 0.400149 -0.241801

0.422583 -0.106153 0.900086 0.089513
-0.078542 0.985092 0.153053 1.319770
-0.902914 -0.135373 0.407945 -0.240988

0.430420 -0.102097 0.896835 0.089819
-0.075657 0.986005 0.148558 1.319387
-0.899452 -0.131795 0.416672 -0.240175

0.438205 -0.098719 0.893437 0.090234
-0.072763 0.986793 0.144723 1.318985
-0.895925 -0.128427 0.425235 -0.239394

0.445468 -0.094391 0.890308 0.090608
-0.070330 0.987664 0.139903 1.318553
-0.892531 -0.124937 0.433334 -0.238602

0.451217 -0.090299 0.887834 0.091032
-0.067788 0.988525 0.134992 1.318440
-0.889835 -0.121095 0.439918 -0.237641

0.456148 -0.088082 0.885534 0.091515
-0.064813 0.989158 0.131776 1.318047
-0.887540 -0.117503 0.445494 -0.236641

0.461819 -0.085723 0.882822 0.092072
-0.061498 0.989829 0.128285 1.317464
-0.884839 -0.113536 0.451850 -0.235593

0.467260 -0.082140 0.880296 0.092614
-0.059222 0.990531 0.123861 1.316921
-0.882134 -0.110008 0.457971 -0.234624

0.472502 -0.077204 0.877941 0.093229
-0.057850 0.991291 0.118306 1.316469
-0.879429 -0.106688 0.463920 -0.233898

0.476562 -0.071869 0.876198 0.093859
-0.057021 0.992028 0.112383 1.316016
-0.877289 -0.103519 0.468665 -0.232641

0.480015 -0.066981 0.874699 0.094507
-0.056891 0.992605 0.107230 1.315703
-0.875413 -0.101234 0.472655 -0.231685

0.482990 -0.061927 0.873433 0.095242
-0.057670 0.993080 0.102301 1.315140
-0.873724 -0.099781 0.476076 -0.230581

0.485524 -0.057856 0.872306 0.096037
-0.057034 0.993586 0.097645 1.314707
-0.872360 -0.097160 0.479110 -0.229568

0.490526 -0.048248 0.870089 0.097876
-0.058201 0.994423 0.087954 1.312881
-0.869480 -0.093784 0.484982 -0.227267

0.493443 -0.042018 0.868762 0.098859
-0.058467 0.994971 0.081330 1.312068
-0.867811 -0.090925 0.488505 -0.226118

0.496838 -0.035191 0.867129 0.099945
-0.059349 0.995461 0.074404 1.310765
-0.865811 -0.088430 0.492494 -0.224842

0.500055 -0.027049 0.865571 0.101016
-0.059559 0.996071 0.065536 1.309942
-0.863943 -0.084324 0.496480 -0.223875

0.503010 -0.018558 0.864081 0.102096
-0.059955 0.996612 0.056306 1.309209
-0.862198 -0.080129 0.500193 -0.222818

0.504868 -0.010988 0.863126 0.103165
-0.060163 0.997039 0.047884 1.308375
-0.861097 -0.076103 0.502712 -0.221321

0.506605 -0.004087 0.862168 0.104327
-0.059839 0.997411 0.039889 1.307442
-0.860099 -0.071799 0.505049 -0.220106

0.507710 0.001141 0.861527 0.105368
-0.058317 0.997751 0.033046 1.306888
-0.859552 -0.067019 0.506635 -0.218749

0.509680 0.004143 0.860354 0.106525
-0.055497 0.998064 0.028070 1.305964
-0.858572 -0.062054 0.508923 -0.217273

0.512094 0.008161 0.858890 0.107651
-0.052994 0.998350 0.022111 1.304871
-0.857293 -0.056839 0.511681 -0.215908

0.514488 0.012997 0.857399 0.108782
-0.050701 0.998597 0.015286 1.303866
-0.855997 -0.051335 0.514425 -0.214232

0.516587 0.018993 0.856023 0.109774
-0.049444 0.998747 0.007678 1.303132
-0.854805 -0.046292 0.516879 -0.212623

0.518784 0.024087 0.854566 0.110828
-0.047749 0.998859 0.000833 1.302228
-0.853570 -0.041237 0.519342 -0.211186

0.521772 0.029321 0.852581 0.111955
-0.046178 0.998915 -0.006093 1.300894
-0.851834 -0.036191 0.522559 -0.209650

0.525549 0.035964 0.850003 0.112988
-0.045203 0.998875 -0.014313 1.299869
-0.849561 -0.030901 0.526583 -0.208022

0.529356 0.042678 0.847325 0.113900
-0.045566 0.998723 -0.021837 1.298834
-0.847175 -0.027049 0.530624 -0.206292

0.533724 0.049492 0.844209 0.114920
-0.046062 0.998505 -0.029416 1.297700
-0.844403 -0.023185 0.535206 -0.204714

0.537929 0.057229 0.841045 0.115980
-0.046729 0.998183 -0.038034 1.296776
-0.841694 -0.018842 0.539626 -0.203236

0.541814 0.064653 0.838008 0.116907
-0.047469 0.997800 -0.046290 1.295911
-0.839157 -0.014699 0.543690 -0.201736

0.546087 0.071684 0.834655 0.117916
-0.047896 0.997374 -0.054322 1.294887
-0.836358 -0.010312 0.548086 -0.200268

0.550181 0.077541 0.831437 0.118767
-0.049023 0.996961 -0.060539 1.294003
-0.833605 -0.007452 0.552311 -0.198666

0.554375 0.081460 0.828270 0.119701
-0.049125 0.996666 -0.065142 1.293138
-0.830815 -0.004576 0.556529 -0.197096

0.559325 0.085841 0.824492 0.120714
-0.048445 0.996309 -0.070865 1.291994
-0.827531 -0.000306 0.561419 -0.195658

0.564607 0.092079 0.820207 0.121582
-0.048829 0.995743 -0.078172 1.291300
-0.823914 0.004087 0.566700 -0.194096

0.569229 0.097291 0.816402 0.122451
-0.049545 0.995228 -0.084057 1.290605
-0.820684 0.007398 0.571333 -0.192495

0.574385 0.101106 0.812317 0.123389
-0.049957 0.994823 -0.088498 1.289721
-0.817059 0.010251 0.576462 -0.190965

0.580433 0.104688 0.807550 0.124369
-0.049882 0.994410 -0.093058 1.288866
-0.812778 0.013731 0.582411 -0.189356

0.586797 0.110275 0.802190 0.125284
-0.050382 0.993736 -0.099752 1.288653
-0.808165 0.018119 0.588677 -0.188045

0.592055 0.115339 0.797601 0.126065
-0.052293 0.993118 -0.104796 1.288238
-0.804199 0.020336 0.594011 -0.186462

0.596996 0.117616 0.793575 0.126996
-0.053443 0.992828 -0.106944 1.287493
-0.800462 0.021434 0.599000 -0.184792

0.602539 0.120681 0.788912 0.127894
-0.054344 0.992411 -0.110304 1.287049
-0.796236 0.023590 0.604525 -0.183061

0.607934 0.125136 0.784064 0.128807
-0.055844 0.991796 -0.114991 1.286805
-0.792021 0.026121 0.609935 -0.181701

0.612028 0.130395 0.780012 0.129686
-0.057514 0.991040 -0.120544 1.286480
-0.788742 0.028915 0.614044 -0.180070

0.615524 0.133538 0.776722 0.130386
-0.058043 0.990545 -0.124302 1.285844
-0.785977 0.031428 0.617455 -0.177934

0.620349 0.134488 0.772709 0.131337
-0.057560 0.990339 -0.126155 1.285239
-0.782211 0.033783 0.622097 -0.176295

0.625914 0.136382 0.767874 0.132239
-0.056139 0.989916 -0.130059 1.284764
-0.777868 0.038298 0.627259 -0.174434

0.631775 0.138984 0.762590 0.133136
-0.056016 0.989408 -0.133916 1.284569
-0.773125 0.041887 0.632868 -0.172843

0.636621 0.140771 0.758219 0.133697
-0.056473 0.989068 -0.136215 1.284543
-0.769106 0.043899 0.637612 -0.170905

0.641821 0.142213 0.753552 0.134523
-0.056961 0.988780 -0.138091 1.284428
-0.764736 0.045707 0.642720 -0.169202

0.646807 0.144424 0.748853 0.135426
-0.057345 0.988336 -0.141080 1.284304
-0.760494 0.048309 0.647545 -0.167692

0.651117 0.147820 0.744443 0.136232
-0.058653 0.987717 -0.144825 1.284209
-0.756707 0.050634 0.651790 -0.166069

0.655033 0.150258 0.740509 0.136933
-0.060080 0.987283 -0.147186 1.284254
-0.753208 0.051922 0.655730 -0.164424

0.658844 0.150764 0.737017 0.137727
-0.060410 0.987151 -0.147929 1.283800
-0.749850 0.052939 0.659486 -0.162751

0.663302 0.151597 0.732836 0.138516
-0.060639 0.986934 -0.149276 1.283535
-0.745891 0.054576 0.663828 -0.161168

0.668623 0.152237 0.727851 0.139406
-0.060903 0.986742 -0.150440 1.283201
-0.741103 0.056259 0.669030 -0.159527

0.674760 0.152905 0.722024 0.140345
-0.061729 0.986568 -0.151240 1.282886
-0.735451 0.057481 0.675135 -0.158007

0.681365 0.152130 0.715959 0.141167
-0.061620 0.986612 -0.150997 1.282742
-0.729345 0.058767 0.681617 -0.156534

0.688430 0.151341 0.709337 0.142189
-0.061976 0.986686 -0.150366 1.282557
-0.722649 0.059554 0.688644 -0.154846

0.695367 0.150449 0.702730 0.143143
-0.062280 0.986778 -0.149633 1.282532
-0.715951 0.060284 0.695543 -0.152976

0.702330 0.148300 0.696232 0.144212
-0.061213 0.987018 -0.148490 1.282627
-0.709215 0.061671 0.702289 -0.151369

0.709533 0.145544 0.689477 0.145296
-0.059289 0.987299 -0.147398 1.282722
-0.702173 0.063706 0.709150 -0.149423

0.717408 0.141124 0.682209 0.147058
-0.056486 0.987826 -0.144945 1.283009
-0.694359 0.065450 0.716646 -0.148171

0.724346 0.137085 0.675670 0.148484
-0.053693 0.988273 -0.142947 1.283194
-0.687342 0.067264 0.723212 -0.146261

0.731304 0.134153 0.668727 0.150016
-0.050421 0.988416 -0.143146 1.283469
-0.680184 0.070965 0.729597 -0.144594

0.738150 0.131814 0.661634 0.151681
-0.049023 0.988614 -0.142265 1.284145
-0.672853 0.072577 0.736207 -0.143110

0.744286 0.128313 0.655418 0.153372
-0.048154 0.989126 -0.138960 1.284691
-0.666122 0.071865 0.742372 -0.141557

0.750178 0.124061 0.649493 0.155368
-0.045172 0.989562 -0.136843 1.284757
-0.659691 0.073318 0.747952 -0.139710

0.756089 0.121639 0.643065 0.157496
-0.042823 0.989666 -0.136851 1.284833
-0.653066 0.075933 0.753484 -0.138206

0.761959 0.119774 0.636453 0.159655
-0.041478 0.989757 -0.136604 1.285030
-0.646295 0.077688 0.759122 -0.136723

0.767622 0.118633 0.629827 0.161855
-0.041323 0.989836 -0.136081 1.285207
-0.639569 0.078432 0.764722 -0.135330

0.772939 0.117236 0.623555 0.164033
-0.042158 0.990099 -0.133893 1.285393
-0.633078 0.077203 0.770228 -0.133827

0.778542 0.113970 0.617157 0.166489
-0.041530 0.990573 -0.130538 1.285241
-0.626216 0.075999 0.775936 -0.132491

0.784291 0.110589 0.610457 0.168917
-0.040068 0.990959 -0.128042 1.285488
-0.619098 0.075962 0.781631 -0.131033

0.789727 0.106653 0.604116 0.171378
-0.038533 0.991451 -0.124662 1.285344
-0.612247 0.075170 0.787085 -0.129586

0.795257 0.102004 0.597630 0.173966
-0.036020 0.991953 -0.121377 1.285012
-0.605201 0.075000 0.792531 -0.128193

0.800835 0.099086 0.590631 0.176408
-0.035010 0.992277 -0.118997 1.285028
-0.597860 0.074619 0.798119 -0.126615

0.806213 0.097502 0.583535 0.178945
-0.035708 0.992548 -0.116509 1.285226
-0.590546 0.073094 0.803686 -0.125300

0.811565 0.096290 0.576272 0.181543
-0.037065 0.992824 -0.113692 1.284842
-0.583085 0.070909 0.809311 -0.123747

0.817392 0.096085 0.568011 0.184215
-0.038683 0.992922 -0.112296 1.284510
-0.574780 0.069817 0.815323 -0.122445

0.822939 0.097029 0.559782 0.186759
-0.040625 0.992836 -0.112368 1.284427
-0.566674 0.069731 0.820985 -0.120960

0.827977 0.098533 0.552037 0.189205
-0.043335 0.992740 -0.112199 1.284994
-0.559085 0.068976 0.826236 -0.119763

0.832945 0.098498 0.544518 0.191730
-0.045528 0.992893 -0.109961 1.285292
-0.551478 0.066801 0.831510 -0.118497

0.837968 0.097812 0.536882 0.194344
-0.047131 0.993102 -0.107367 1.285099
-0.543680 0.064666 0.836797 -0.117144

0.843309 0.097232 0.528559 0.197218
-0.047585 0.993144 -0.106773 1.285088
-0.535317 0.064891 0.842154 -0.116277

0.848494 0.096820 0.520273 0.199673
-0.048177 0.993171 -0.106253 1.285526
-0.527008 0.065090 0.847364 -0.115200

0.853925 0.094641 0.511717 0.202105
-0.047445 0.993387 -0.104552 1.285794
-0.518228 0.065001 0.852768 -0.114123

0.860027 0.091970 0.501891 0.204885
-0.045967 0.993587 -0.103305 1.286143
-0.508173 0.065775 0.858739 -0.113343

0.865946 0.089679 0.492031 0.207275
-0.045235 0.993804 -0.101522 1.287163
-0.498087 0.065656 0.864637 -0.112555

0.871534 0.088580 0.482266 0.209824
-0.046107 0.993994 -0.099250 1.287902
-0.488161 0.064264 0.870384 -0.111890

0.875936 0.088361 0.474265 0.211964
-0.047732 0.994133 -0.097060 1.288851
-0.480059 0.062381 0.875015 -0.110997

0.879850 0.086616 0.467291 0.214105
-0.048609 0.994496 -0.092813 1.289620
-0.472758 0.058947 0.879218 -0.110303

0.883320 0.084099 0.461165 0.216134
-0.048238 0.994860 -0.089031 1.289887
-0.466282 0.056397 0.882836 -0.109147

0.886676 0.081554 0.455142 0.218205
-0.046747 0.995090 -0.087234 1.290075
-0.460022 0.056072 0.886135 -0.108052

0.889665 0.079167 0.449698 0.219846
-0.045074 0.995272 -0.086040 1.290792
-0.454383 0.056277 0.889026 -0.106798

0.892338 0.076720 0.444799 0.221491
-0.043779 0.995514 -0.083881 1.292060
-0.449238 0.055377 0.891694 -0.105793

0.894971 0.073081 0.440096 0.223294
-0.041882 0.995898 -0.080206 1.292337
-0.444152 0.053350 0.894361 -0.104552

0.897934 0.070670 0.434418 0.225035
-0.040763 0.996136 -0.077792 1.292794
-0.438237 0.052144 0.897345 -0.103070

0.900965 0.069417 0.428303 0.226678
-0.040650 0.996282 -0.075961 1.293640
-0.431983 0.051028 0.900436 -0.101715

0.903633 0.068054 0.422866 0.228041
-0.040676 0.996469 -0.073445 1.294516
-0.426371 0.049167 0.903211 -0.100225

0.906221 0.066422 0.417553 0.229791
-0.040469 0.996675 -0.070713 1.295022
-0.420861 0.047184 0.905897 -0.098632

0.908066 0.064804 0.413782 0.231349
-0.039838 0.996842 -0.068691 1.295629
-0.416927 0.045891 0.907780 -0.097256

0.909342 0.063123 0.411232 0.232882
-0.039258 0.997032 -0.066231 1.296314
-0.414192 0.044083 0.909121 -0.095549

0.910380 0.060944 0.409259 0.234360
-0.038098 0.997238 -0.063755 1.297050
-0.412015 0.042450 0.910187 -0.093831

0.911447 0.059007 0.407164 0.235805
-0.037219 0.997429 -0.061234 1.297504
-0.409730 0.040658 0.911300 -0.091872

0.912491 0.057500 0.405034 0.237229
-0.036832 0.997599 -0.058645 1.298259
-0.407433 0.038595 0.912419 -0.090003

0.913264 0.055983 0.403503 0.238535
-0.036690 0.997790 -0.055394 1.298372
-0.405712 0.035785 0.913300 -0.087560

0.914048 0.055777 0.401752 0.240034
-0.037450 0.997874 -0.053333 1.298646
-0.403872 0.033703 0.914194 -0.085293

0.914426 0.056613 0.400774 0.241312
-0.039296 0.997910 -0.051305 1.300281
-0.402840 0.031166 0.914739 -0.083400

0.914354 0.055089 0.401150 0.242588
-0.040334 0.998166 -0.045143 1.300263
-0.402901 0.025097 0.914899 -0.080827

0.914647 0.053854 0.400649 0.243959
-0.041113 0.998340 -0.040336 1.299713
-0.402156 0.020421 0.915343 -0.077476

0.915383 0.053198 0.399052 0.245299
-0.041903 0.998437 -0.036982 1.299967
-0.400395 0.017131 0.916182 -0.075115

0.916524 0.051946 0.396591 0.246722
-0.042191 0.998555 -0.033288 1.299519
-0.397747 0.013777 0.917391 -0.072435

0.917649 0.050528 0.394166 0.248140
-0.041454 0.998643 -0.031508 1.298971
-0.395224 0.012573 0.918498 -0.069696

0.918832 0.049519 0.391528 0.249545
-0.040473 0.998689 -0.031329 1.298784
-0.392566 0.012940 0.919632 -0.067206

0.919907 0.050258 0.388901 0.250893
-0.041212 0.998651 -0.031573 1.299036
-0.389964 0.013017 0.920738 -0.064584

0.920300 0.051074 0.387865 0.252021
-0.042325 0.998621 -0.031074 1.299659
-0.388917 0.012181 0.921192 -0.062028

0.920631 0.050053 0.387212 0.253131
-0.042441 0.998701 -0.028192 1.299559
-0.388120 0.009521 0.921559 -0.058772

0.921291 0.048560 0.385829 0.254222
-0.041922 0.998793 -0.025603 1.299180
-0.386606 0.007413 0.922215 -0.055665

0.922091 0.048430 0.383930 0.255303
-0.042093 0.998803 -0.024897 1.299101
-0.384677 0.006797 0.923026 -0.052908

0.922642 0.048274 0.382624 0.256357
-0.041880 0.998809 -0.025026 1.299313
-0.383376 0.007066 0.923565 -0.050010

0.922916 0.047990 0.381998 0.257374
-0.041865 0.998827 -0.024334 1.299705
-0.382718 0.006466 0.923842 -0.047522

0.922960 0.046298 0.382101 0.258360
-0.040703 0.998913 -0.022718 1.300077
-0.382738 0.005415 0.923841 -0.044692

0.922924 0.044179 0.382439 0.259114
-0.039342 0.999016 -0.020463 1.300387
-0.382967 0.003840 0.923754 -0.041478

0.923013 0.041839 0.382487 0.259928
-0.037702 0.999121 -0.018309 1.300939
